604436428
607141854
605054933
606906325
605976533
606889941
607221714
606724050
607305673
607899593 10

606173147 20

604803029 24
403125535
403906528 26

404660173 40
309446632
305893354 42

311307236 52
311053282
311000040
310900716 
312230892 
249563517
249717525 58

247694113 70
247508133
247418860
205961137
205563850 74



  604436428
 1214283708
 1815164799
 2427625300
 3029882665
 3641339646
 4250551998
 4853792400
 5465751057
 6078995930 10

12123462940 20

14515272696 24
10078138375
10501569728 26

16186406920 40
12687311912
12847520868 42

16187976272 52
16485823946 
16794002160
17099539380 
17484929952 
14225120469
14483616450 58

17338587910 70
17573077443
17814157920
15035163001
15211724900 74
